X = [2 1];
A4 = X(2);
A1 = X(1)*A4;
A2 = A1^2;
A3 = A2*X(2);
A4 = X(2);

A4 = 1.1;
A1 = X(1)*A4;
A2 = A1^2;
A3 = A2*X(2);


V = A1^2 + A2*A3 + A4*A1
